[[init]]iterators = cond;cond = 1:72;

ssl2#cond = 
30 30 30 30 30 30 30 30 30 30 30 30 30 30 30 30 30 30 50 50 50 50 50 50 50 50 50 50 50 50 50 50 50 50 50 50 100 100 100 100 100 100 100 100 100 100 100 100 100 100 100 100 100 100 200 200 200 200 200 200 200 200 200 200 200 200 200 200 200 200 200 200;

ssl1#cond = 
5 5 5 5 5 5 10 10 10 10 10 10 30 30 30 30 30 30 5 5 5 5 5 5 10 10 10 10 10 10 30 30 30 30 30 30 5 5 5 5 5 5 10 10 10 10 10 10 30 30 30 30 30 30 5 5 5 5 5 5 10 10 10 10 10 10 30 30 30 30 30 30;

nobs#cond = 
150 150 150 150 150 150 300 300 300 300 300 300 900 900 900 900 900 900 250 250 250 250 250 250 500 500 500 500 500 500 1500 1500 1500 1500 1500 1500 500 500 500 500 500 500 1000 1000 1000 1000 1000 1000 3000 3000 3000 3000 3000 3000 1000 1000 1000 1000 1000 1000 2000 2000 2000 2000 2000 2000 6000 6000 6000 6000 6000 6000;

obvarl2#cond = 
.111 .111 .43 .43 1 1 .111 .111 .43 .43 1 1 .111 .111 .43 .43 1 1 .111 .111 .43 .43 1 1 .111 .111 .43 .43 1 1 .111 .111 .43 .43 1 1 .111 .111 .43 .43 1 1 .111 .111 .43 .43 1 1 .111 .111 .43 .43 1 1 .111 .111 .43 .43 1 1 .111 .111 .43 .43 1 1 .111 .111 .43 .43 1 1; 

lvvarl2#cond = 
.111 1 .111 1 .111 1 .111 1 .111 1 .111 1 .111 1 .111 1 .111 1 .111 1 .111 1 .111 1 .111 1 .111 1 .111 1 .111 1 .111 1 .111 1 .111 1 .111 1 .111 1 .111 1 .111 1 .111 1 .111 1 .111 1 .111 1 .111 1 .111 1 .111 1 .111 1 .111 1 .111 1 .111 1 .111 1 .111 1;

covl2#cond = 
.0333 .3  .0333 .3 .0333 .3 .0333 .3 .0333 .3 .0333 .3 .0333 .3 .0333 .3 .0333 .3 .0333 .3  .0333 .3 .0333 .3 .0333 .3 .0333 .3 .0333 .3 .0333 .3 .0333 .3 .0333 .3 .0333 .3  .0333 .3 .0333 .3 .0333 .3 .0333 .3 .0333 .3 .0333 .3 .0333 .3 .0333 .3 .0333 .3  .0333 .3 .0333 .3 .0333 .3 .0333 .3 .0333 .3 .0333 .3 .0333 .3 .0333 .3 ;

t11#cond = 
-1.83644 -2.02196 -2.02173 -2.19162 -2.31534 -2.46508 -1.83644 -2.02196 -2.02173 -2.19162 -2.31534 -2.46508 -1.83644 -2.02196 -2.02173 -2.19162 -2.31534 -2.46508 -1.83644 -2.02196 -2.02173 -2.19162 -2.31534 -2.46508 -1.83644 -2.02196 -2.02173 -2.19162 -2.31534 -2.46508 -1.83644 -2.02196 -2.02173 -2.19162 -2.31534 -2.46508 -1.83644 -2.02196 -2.02173 -2.19162 -2.31534 -2.46508 -1.83644 -2.02196 -2.02173 -2.19162 -2.31534 -2.46508 -1.83644 -2.02196 -2.02173 -2.19162 -2.31534 -2.46508 -1.83644 -2.02196 -2.02173 -2.19162 -2.31534 -2.46508 -1.83644 -2.02196 -2.02173 -2.19162 -2.31534 -2.46508 -1.83644 -2.02196 -2.02173 -2.19162 -2.31534 -2.46508;

t21#cond = 
-0.64431 -0.70940 -0.70932 -0.76892 -0.81233 -0.86486 -0.64431 -0.70940 -0.70932 -0.76892 -0.81233 -0.86486 -0.64431 -0.70940 -0.70932 -0.76892 -0.81233 -0.86486 -0.64431 -0.70940 -0.70932 -0.76892 -0.81233 -0.86486 -0.64431 -0.70940 -0.70932 -0.76892 -0.81233 -0.86486 -0.64431 -0.70940 -0.70932 -0.76892 -0.81233 -0.86486 -0.64431 -0.70940 -0.70932 -0.76892 -0.81233 -0.86486 -0.64431 -0.70940 -0.70932 -0.76892 -0.81233 -0.86486 -0.64431 -0.70940 -0.70932 -0.76892 -0.81233 -0.86486 -0.64431 -0.70940 -0.70932 -0.76892 -0.81233 -0.86486 -0.64431 -0.70940 -0.70932 -0.76892 -0.81233 -0.86486 -0.64431 -0.70940 -0.70932 -0.76892 -0.81233 -0.86486;

t31#cond = 
0.64431 0.70940 0.70932 0.76892 0.81233 0.86486 0.64431 0.70940 0.70932 0.76892 0.81233 0.86486 0.64431 0.70940 0.70932 0.76892 0.81233 0.86486 0.64431 0.70940 0.70932 0.76892 0.81233 0.86486 0.64431 0.70940 0.70932 0.76892 0.81233 0.86486 0.64431 0.70940 0.70932 0.76892 0.81233 0.86486 0.64431 0.70940 0.70932 0.76892 0.81233 0.86486 0.64431 0.70940 0.70932 0.76892 0.81233 0.86486 0.64431 0.70940 0.70932 0.76892 0.81233 0.86486 0.64431 0.70940 0.70932 0.76892 0.81233 0.86486 0.64431 0.70940 0.70932 0.76892 0.81233 0.86486 0.64431 0.70940 0.70932 0.76892 0.81233 0.86486;

t41#cond = 
1.83644 2.02196 2.02173 2.19162 2.31534 2.46508 1.83644 2.02196 2.02173 2.19162 2.31534 2.46508 1.83644 2.02196 2.02173 2.19162 2.31534 2.46508 1.83644 2.02196 2.02173 2.19162 2.31534 2.46508 1.83644 2.02196 2.02173 2.19162 2.31534 2.46508 1.83644 2.02196 2.02173 2.19162 2.31534 2.46508 1.83644 2.02196 2.02173 2.19162 2.31534 2.46508 1.83644 2.02196 2.02173 2.19162 2.31534 2.46508 1.83644 2.02196 2.02173 2.19162 2.31534 2.46508 1.83644 2.02196 2.02173 2.19162 2.31534 2.46508 1.83644 2.02196 2.02173 2.19162 2.31534 2.46508 1.83644 2.02196 2.02173 2.19162 2.31534 2.46508;


t16#cond = 
-2.19109 -2.58107 -2.34857 -2.71603 -2.60560 -2.94113 -2.19109 -2.58107 -2.34857 -2.71603 -2.60560 -2.94113 -2.19109 -2.58107 -2.34857 -2.71603 -2.60560 -2.94113 -2.19109 -2.58107 -2.34857 -2.71603 -2.60560 -2.94113 -2.19109 -2.58107 -2.34857 -2.71603 -2.60560 -2.94113 -2.19109 -2.58107 -2.34857 -2.71603 -2.60560 -2.94113 -2.19109 -2.58107 -2.34857 -2.71603 -2.60560 -2.94113 -2.19109 -2.58107 -2.34857 -2.71603 -2.60560 -2.94113 -2.19109 -2.58107 -2.34857 -2.71603 -2.60560 -2.94113 -2.19109 -2.58107 -2.34857 -2.71603 -2.60560 -2.94113 -2.19109 -2.58107 -2.34857 -2.71603 -2.60560 -2.94113 -2.19109 -2.58107 -2.34857 -2.71603 -2.60560 -2.94113;

t26#cond = 
-0.76874 -0.90556 -0.82399 -0.95291 -0.91417 -1.03188 -0.76874 -0.90556 -0.82399 -0.95291 -0.91417 -1.03188 -0.76874 -0.90556 -0.82399 -0.95291 -0.91417 -1.03188 -0.76874 -0.90556 -0.82399 -0.95291 -0.91417 -1.03188 -0.76874 -0.90556 -0.82399 -0.95291 -0.91417 -1.03188 -0.76874 -0.90556 -0.82399 -0.95291 -0.91417 -1.03188 -0.76874 -0.90556 -0.82399 -0.95291 -0.91417 -1.03188 -0.76874 -0.90556 -0.82399 -0.95291 -0.91417 -1.03188 -0.76874 -0.90556 -0.82399 -0.95291 -0.91417 -1.03188 -0.76874 -0.90556 -0.82399 -0.95291 -0.91417 -1.03188 -0.76874 -0.90556 -0.82399 -0.95291 -0.91417 -1.03188 -0.76874 -0.90556 -0.82399 -0.95291 -0.91417 -1.03188;

t36#cond = 
0.76874 0.90556 0.82399 0.95291 0.91417 1.03188 0.76874 0.90556 0.82399 0.95291 0.91417 1.03188 0.76874 0.90556 0.82399 0.95291 0.91417 1.03188 0.76874 0.90556 0.82399 0.95291 0.91417 1.03188 0.76874 0.90556 0.82399 0.95291 0.91417 1.03188 0.76874 0.90556 0.82399 0.95291 0.91417 1.03188 0.76874 0.90556 0.82399 0.95291 0.91417 1.03188 0.76874 0.90556 0.82399 0.95291 0.91417 1.03188 0.76874 0.90556 0.82399 0.95291 0.91417 1.03188 0.76874 0.90556 0.82399 0.95291 0.91417 1.03188 0.76874 0.90556 0.82399 0.95291 0.91417 1.03188 0.76874 0.90556 0.82399 0.95291 0.91417 1.03188;

t46#cond = 
2.19109 2.58107 2.34857 2.71603 2.60560 2.94113 2.19109 2.58107 2.34857 2.71603 2.60560 2.94113 2.19109 2.58107 2.34857 2.71603 2.60560 2.94113 2.19109 2.58107 2.34857 2.71603 2.60560 2.94113 2.19109 2.58107 2.34857 2.71603 2.60560 2.94113 2.19109 2.58107 2.34857 2.71603 2.60560 2.94113 2.19109 2.58107 2.34857 2.71603 2.60560 2.94113 2.19109 2.58107 2.34857 2.71603 2.60560 2.94113 2.19109 2.58107 2.34857 2.71603 2.60560 2.94113 2.19109 2.58107 2.34857 2.71603 2.60560 2.94113 2.19109 2.58107 2.34857 2.71603 2.60560 2.94113 2.19109 2.58107 2.34857 2.71603 2.60560 2.94113;  

seed#cond = 
62287 35355 87478 40806 61450 65720 17110 52135 32041 23872 32162 80450 3241 86038 78099 93626 71396 90396 81045 11682 45972 66795 72092 136 55507 75378 6119 83869 97232 41411 36990 1050 68473 43117 7127 55484 14590 49090 4650 1736 42132 7200 29716 98264 70910 77652 24438 76096 13799 95528 76721 69387 19567 51239 83224 40565 52881 63832 1403 33902 97879 67100 41851 74102 48190 74144 60499 65280 62754 91193 11380 1521;

filename = condition_[[cond]]_gen.inp;outputDirectory = Conditions/Condition[[cond]];[[/init]]MONTECARLO:
	NAMES are u1-u10;
	GENERATE = u1-u10 (4);
	CATEGORICAL = u1-u10;
	NOBSERVATIONS = [[nobs#cond]];
	NCSIZES = 1;
	CSIZES = [[ssl2#cond]] ([[ssl1#cond]]);
	SEED = [[seed#cond]];
	NREPS = 1;
	REPSAVE = ALL;
  	SAVE = mcfa_condition[[cond]]_rep*.dat;

ANALYSIS:	
  	TYPE = TWOLEVEL;
	ESTIMATOR = WLSMV;
	PARAMETERIZATION = THETA;

MODEL POPULATION:

    ! LEVEL 1
    %Within%
        ! Measurement Model Specification Level 1
        ! Factor 1
    	f1w BY 	u1*.6
    	    	u2*.6
    		u3*.6
   		u4*.6
                u5*.6
                u6*.6;
        ! Factor 2
        f2w BY 	u6*.6
                u7*.6
                u8*.6
                u9*.6
                u10*.6;
	! (Co)Variances
    	f1w*1;
       	f2w*1;
        f1w WITH f2w*.3;
    ! LEVEL 2
    %Between%
        ! Measurement Model Specification Level 2
    	! Factor 1
    	f1b BY 	u1*.6
    	    	u2*.6
    		u3*.6
    		u4*.6
                u5*.6
                u6*.6;
        ! Factor 2
        f2b BY 	u6*.6
                u7*.6
                u8*.6
                u9*.6
                u10*.6;
	! (Co)Variances of latent variables (ICC_lv)
    	f1b@[[lvvarl2#cond]];
        f2b@[[lvvarl2#cond]];
        f1b WITH f2b*[[covl2#cond]];
        ! Residual variances of observed variables (ICC_ov)
    	u1*[[obvarl2#cond]];
	u2*[[obvarl2#cond]];
	u3*[[obvarl2#cond]];
	u4*[[obvarl2#cond]];
        u5*[[obvarl2#cond]];
	u6*[[obvarl2#cond]];
	u7*[[obvarl2#cond]];
	u8*[[obvarl2#cond]];
        u9*[[obvarl2#cond]];
	u10*[[obvarl2#cond]];
	
	! Categorical Thresholds
    	! Creates observed unit variance (approx)
	[u1$1*[[t11#cond]]  u1$2*[[t21#cond]]  u1$3*[[t31#cond]]  u1$4*[[t41#cond]]];
	[u2$1*[[t11#cond]]  u2$2*[[t21#cond]]  u2$3*[[t31#cond]]  u2$4*[[t41#cond]]];
	[u3$1*[[t11#cond]]  u3$2*[[t21#cond]]  u3$3*[[t31#cond]]  u3$4*[[t41#cond]]];
	[u4$1*[[t11#cond]]  u4$2*[[t21#cond]]  u4$3*[[t31#cond]]  u4$4*[[t41#cond]]];
    	[u5$1*[[t11#cond]]  u5$2*[[t21#cond]]  u5$3*[[t31#cond]]  u5$4*[[t41#cond]]];
	[u6$1*[[t16#cond]]  u6$2*[[t26#cond]]  u6$3*[[t36#cond]]  u6$4*[[t46#cond]]];
	[u7$1*[[t11#cond]]  u7$2*[[t21#cond]]  u7$3*[[t31#cond]]  u7$4*[[t41#cond]]];
	[u8$1*[[t11#cond]]  u8$2*[[t21#cond]]  u8$3*[[t31#cond]]  u8$4*[[t41#cond]]];
    	[u9$1*[[t11#cond]]  u9$2*[[t21#cond]]  u9$3*[[t31#cond]]  u9$4*[[t41#cond]]];
	[u10$1*[[t11#cond]]  u10$2*[[t21#cond]]  u10$3*[[t31#cond]]  u10$4*[[t41#cond]]];




